0,-1,-1,-1,14,6,20,11111111111111000000
RELATIONCAT,6,14,4,4,20
ATTRIBUTECAT,6,62,5,154,20
Toys,4,1000,6,38,31
ToyColours,2,1000,39,55,61
ToysForSale,4,410,57,70,31
ToysToReorder,4,182,71,76,31
ToysCopy,4,1000,77,109,31
Quiz,5,500,110,133,24
BlueToys,2,165,116,118,61
Above85,5,241,135,145,24
Cgpa8,5,115,146,150,24
ElKerala,5,27,151,152,24
ElTelan,5,18,153,153,24
ElGuj,5,20,155,155,24
NULL,5,20,155,155,24
NULL,5,20,155,155,24
NULL,5,20,155,155,24
NULL,5,20,155,155,24
NULL,5,20,155,155,24
NULL,5,20,155,155,24
